1 0.25078125 0.78359375 0.214453125 0.1609375
1 0.20859375 0.3859375 0.13515625 0.13046875
1 0.53671875 0.390625 0.09609375 0.19453125
0 0.80625 0.709375 0.141015625 0.271875
0 0.63984375 0.63203125 0.136328125 0.3
0 0.46484375 0.665625 0.139453125 0.2375
0 0.728125 0.33671875 0.141015625 0.240625
0 0.303125 0.2765625 0.1625 0.21484375
2 0.796875 0.459375 0.108984375 0.12421875
2 0.45546875 0.409375 0.07578125 0.14140625
2 0.14765625 0.54140625 0.082421875 0.133203125
2 0.15859375 0.778125 0.09375 0.11640625