0 0.72890625 0.1984375 0.23359375 0.203125
0 0.55625 0.253125 0.159765625 0.330859375
0 0.29453125 0.19453125 0.275 0.221875
0 0.64765625 0.55390625 0.186328125 0.275
0 0.83125 0.64296875 0.20390625 0.203125
1 0.19140625 0.528125 0.173046875 0.358984375
1 0.50546875 0.771875 0.159375 0.2734375
1 0.8875 0.315625 0.1625 0.303125
1 0.6546875 0.7421875 0.15078125 0.15703125
2 0.34140625 0.41015625 0.13828125 0.159375
2 0.43515625 0.60234375 0.134375 0.167578125
2 0.684375 0.365625 0.09140625 0.12890625