2 0.61484375 0.83984375 0.09296875 0.13203125
2 0.340625 0.8328125 0.08984375 0.12109375
2 0.76171875 0.771875 0.09296875 0.1109375
2 0.878125 0.303125 0.116015625 0.153515625
0 0.76953125 0.51640625 0.15078125 0.28359375
0 0.63046875 0.4890625 0.15546875 0.275
0 0.42109375 0.4640625 0.190625 0.230859375
0 0.40859375 0.14140625 0.13515625 0.23359375
0 0.628125 0.146875 0.2125 0.218359375
1 0.43359375 0.74375 0.17734375 0.184375
1 0.14921875 0.73203125 0.10546875 0.16953125
1 0.27578125 0.45625 0.11171875 0.2125
1 0.60078125 0.70546875 0.101171875 0.216796875