1 0.74921875 0.78359375 0.21484375 0.1609375
1 0.79140625 0.3859375 0.135546875 0.130859375
1 0.46328125 0.390625 0.095703125 0.194140625
0 0.19375 0.709375 0.141015625 0.271875
0 0.36015625 0.63203125 0.136328125 0.3
0 0.53515625 0.665625 0.139453125 0.2375
0 0.271875 0.33671875 0.14140625 0.240625
0 0.696875 0.2765625 0.1625 0.2140625
2 0.203125 0.459375 0.10859375 0.1234375
2 0.54453125 0.409375 0.07578125 0.14140625
2 0.85234375 0.54140625 0.08203125 0.13359375
2 0.84140625 0.778125 0.09375 0.116015625