2 0.38515625 0.16015625 0.09296875 0.13203125
2 0.659375 0.1671875 0.08984375 0.12109375
2 0.23828125 0.228125 0.09296875 0.1109375
2 0.121875 0.696875 0.11640625 0.15390625
0 0.23046875 0.48359375 0.15078125 0.28359375
0 0.36953125 0.5109375 0.15546875 0.275
0 0.57890625 0.5359375 0.190625 0.23046875
0 0.59140625 0.85859375 0.13515625 0.23359375
0 0.371875 0.853125 0.2125 0.21796875
1 0.56640625 0.25625 0.17734375 0.184375
1 0.85078125 0.26796875 0.10546875 0.16953125
1 0.72421875 0.54375 0.11171875 0.2125
1 0.39921875 0.29453125 0.10078125 0.21640625