1 0.25078125 0.21640625 0.21484375 0.1609375
1 0.20859375 0.6140625 0.13515625 0.13046875
1 0.53671875 0.609375 0.09609375 0.19453125
0 0.80625 0.290625 0.14140625 0.271875
0 0.63984375 0.36796875 0.13671875 0.3
0 0.46484375 0.334375 0.13984375 0.2375
0 0.728125 0.66328125 0.14140625 0.240625
0 0.303125 0.7234375 0.1625 0.2140625
2 0.796875 0.540625 0.10859375 0.1234375
2 0.45546875 0.590625 0.07578125 0.14140625
2 0.14765625 0.45859375 0.08203125 0.13359375
2 0.15859375 0.221875 0.09375 0.11640625