0 0.72890625 0.8015625 0.233203125 0.203125
0 0.55625 0.746875 0.16015625 0.33046875
0 0.29453125 0.80546875 0.275 0.221875
0 0.64765625 0.44609375 0.186328125 0.275
0 0.83125 0.35703125 0.20390625 0.203125
1 0.19140625 0.471875 0.17265625 0.35859375
1 0.50546875 0.228125 0.159375 0.2734375
1 0.8875 0.684375 0.1625 0.303125
1 0.6546875 0.2578125 0.15078125 0.15703125
2 0.34140625 0.58984375 0.13828125 0.159375
2 0.43515625 0.39765625 0.134375 0.16796875
2 0.684375 0.634375 0.091015625 0.128515625